0 0.00E+00 0.00E+00 0.00E+00 0.00E+00 2.00E+00 4.00E+00 0.00E+00 0.00E+00 0.00E+00
416 4.33E-04 1.64E-06 9.09E-09 1.73E-03 1.38E-01 3.99E+00 4.11E-05 4.01E-04 3.30E-03
832 8.43E-04 1.23E-05 3.57E-08 6.41E-03 1.49E-01 3.99E+00 1.37E-04 1.63E-03 6.84E-03
1248 1.25E-03 3.86E-05 7.92E-08 1.35E-02 1.60E-01 3.98E+00 2.74E-04 3.71E-03 1.06E-02
1664 1.66E-03 8.55E-05 1.40E-07 2.23E-02 1.72E-01 3.97E+00 4.47E-04 6.70E-03 1.47E-02
2080 2.08E-03 1.56E-04 2.17E-07 3.27E-02 1.85E-01 3.96E+00 6.57E-04 1.06E-02 1.90E-02
2496 2.53E-03 2.54E-04 3.13E-07 4.41E-02 1.99E-01 3.96E+00 9.08E-04 1.55E-02 2.37E-02
2912 3.00E-03 3.78E-04 4.28E-07 5.64E-02 2.14E-01 3.95E+00 1.20E-03 2.14E-02 2.87E-02
3328 3.50E-03 5.32E-04 5.63E-07 6.94E-02 2.30E-01 3.94E+00 1.55E-03 2.83E-02 3.41E-02
3744 4.03E-03 7.13E-04 7.20E-07 8.28E-02 2.48E-01 3.93E+00 1.94E-03 3.64E-02 3.98E-02
4160 4.60E-03 9.23E-04 8.99E-07 9.66E-02 2.66E-01 3.93E+00 2.40E-03 4.56E-02 4.59E-02
4576 5.20E-03 1.16E-03 1.10E-06 1.11E-01 2.86E-01 3.92E+00 2.93E-03 5.60E-02 5.25E-02
4992 5.84E-03 1.43E-03 1.33E-06 1.25E-01 3.06E-01 3.91E+00 3.54E-03 6.76E-02 5.95E-02
5408 6.53E-03 1.72E-03 1.59E-06 1.39E-01 3.29E-01 3.90E+00 4.22E-03 8.05E-02 6.71E-02
5824 7.26E-03 2.04E-03 1.88E-06 1.53E-01 3.52E-01 3.89E+00 5.01E-03 9.48E-02 7.51E-02
6240 8.03E-03 2.38E-03 2.19E-06 1.67E-01 3.77E-01 3.88E+00 5.89E-03 1.10E-01 8.37E-02
6656 8.85E-03 2.74E-03 2.54E-06 1.81E-01 4.04E-01 3.87E+00 6.90E-03 1.27E-01 9.29E-02
7072 9.73E-03 3.13E-03 2.93E-06 1.95E-01 4.32E-01 3.87E+00 8.02E-03 1.46E-01 1.03E-01
7488 1.07E-02 3.54E-03 3.35E-06 2.09E-01 4.62E-01 3.86E+00 9.29E-03 1.66E-01 1.13E-01
7904 1.16E-02 3.97E-03 3.82E-06 2.23E-01 4.94E-01 3.85E+00 1.07E-02 1.88E-01 1.24E-01
8320 1.27E-02 4.42E-03 4.32E-06 2.37E-01 5.27E-01 3.84E+00 1.23E-02 2.11E-01 1.36E-01
8736 1.38E-02 4.89E-03 4.87E-06 2.50E-01 5.63E-01 3.83E+00 1.40E-02 2.36E-01 1.49E-01
9152 1.50E-02 5.38E-03 5.47E-06 2.64E-01 6.00E-01 3.82E+00 1.60E-02 2.63E-01 1.63E-01
9568 1.62E-02 5.88E-03 6.12E-06 2.77E-01 6.39E-01 3.81E+00 1.82E-02 2.91E-01 1.77E-01
9984 1.75E-02 6.40E-03 6.82E-06 2.90E-01 6.80E-01 3.79E+00 2.05E-02 3.21E-01 1.92E-01
10400 1.89E-02 6.94E-03 7.58E-06 3.03E-01 7.23E-01 3.78E+00 2.31E-02 3.53E-01 2.09E-01
10816 2.04E-02 7.49E-03 8.40E-06 3.16E-01 7.69E-01 3.77E+00 2.60E-02 3.87E-01 2.26E-01
11232 2.19E-02 8.06E-03 9.28E-06 3.29E-01 8.16E-01 3.76E+00 2.91E-02 4.22E-01 2.44E-01
11648 2.35E-02 8.64E-03 1.02E-05 3.42E-01 8.65E-01 3.75E+00 3.26E-02 4.59E-01 2.64E-01
12064 2.52E-02 9.24E-03 1.12E-05 3.54E-01 9.16E-01 3.73E+00 3.63E-02 4.99E-01 2.84E-01
12480 2.70E-02 9.84E-03 1.23E-05 3.67E-01 9.69E-01 3.72E+00 4.03E-02 5.40E-01 3.06E-01
12896 2.89E-02 1.05E-02 1.35E-05 3.80E-01 1.02E+00 3.71E+00 4.47E-02 5.82E-01 3.29E-01
13312 3.09E-02 1.11E-02 1.47E-05 3.93E-01 1.08E+00 3.69E+00 4.94E-02 6.27E-01 3.53E-01
13728 3.30E-02 1.17E-02 1.61E-05 4.06E-01 1.14E+00 3.68E+00 5.45E-02 6.73E-01 3.78E-01
14144 3.51E-02 1.24E-02 1.75E-05 4.18E-01 1.20E+00 3.66E+00 6.00E-02 7.21E-01 4.05E-01
14560 3.74E-02 1.31E-02 1.90E-05 4.31E-01 1.26E+00 3.65E+00 6.59E-02 7.71E-01 4.33E-01
14976 3.98E-02 1.38E-02 2.06E-05 4.45E-01 1.33E+00 3.63E+00 7.21E-02 8.22E-01 4.63E-01
15392 4.23E-02 1.45E-02 2.23E-05 4.58E-01 1.39E+00 3.62E+00 7.88E-02 8.75E-01 4.94E-01
15808 4.48E-02 1.52E-02 2.41E-05 4.72E-01 1.46E+00 3.60E+00 8.60E-02 9.29E-01 5.26E-01
16224 4.75E-02 1.59E-02 2.60E-05 4.86E-01 1.53E+00 3.58E+00 9.36E-02 9.84E-01 5.60E-01
16640 5.03E-02 1.66E-02 2.81E-05 5.00E-01 1.60E+00 3.57E+00 1.02E-01 1.04E+00 5.96E-01
17056 5.32E-02 1.74E-02 3.02E-05 5.15E-01 1.67E+00 3.55E+00 1.10E-01 1.10E+00 6.33E-01
17472 5.62E-02 1.82E-02 3.25E-05 5.31E-01 1.75E+00 3.53E+00 1.19E-01 1.16E+00 6.71E-01
17888 5.93E-02 1.90E-02 3.49E-05 5.47E-01 1.82E+00 3.51E+00 1.29E-01 1.22E+00 7.11E-01
18304 6.25E-02 1.98E-02 3.74E-05 5.64E-01 1.89E+00 3.49E+00 1.39E-01 1.28E+00 7.53E-01
18720 6.59E-02 2.06E-02 4.01E-05 5.81E-01 1.97E+00 3.47E+00 1.49E-01 1.34E+00 7.97E-01
19136 6.93E-02 2.15E-02 4.29E-05 6.00E-01 2.05E+00 3.45E+00 1.60E-01 1.40E+00 8.42E-01
19552 7.29E-02 2.23E-02 4.58E-05 6.19E-01 2.13E+00 3.43E+00 1.72E-01 1.46E+00 8.88E-01
19968 7.66E-02 2.32E-02 4.90E-05 6.40E-01 2.21E+00 3.41E+00 1.84E-01 1.52E+00 9.37E-01
20384 8.04E-02 2.42E-02 5.22E-05 6.62E-01 2.29E+00 3.39E+00 1.97E-01 1.59E+00 9.87E-01
20800 8.43E-02 2.51E-02 5.56E-05 6.86E-01 2.37E+00 3.37E+00 2.10E-01 1.65E+00 1.04E+00
21216 8.83E-02 2.61E-02 5.92E-05 7.11E-01 2.45E+00 3.35E+00 2.24E-01 1.71E+00 1.09E+00
21632 9.24E-02 2.72E-02 6.30E-05 7.38E-01 2.53E+00 3.32E+00 2.39E-01 1.77E+00 1.15E+00
22048 9.67E-02 2.82E-02 6.69E-05 7.67E-01 2.62E+00 3.30E+00 2.54E-01 1.83E+00 1.20E+00
22464 1.01E-01 2.94E-02 7.10E-05 7.99E-01 2.70E+00 3.28E+00 2.70E-01 1.89E+00 1.26E+00
22880 1.06E-01 3.06E-02 7.53E-05 8.34E-01 2.79E+00 3.25E+00 2.86E-01 1.95E+00 1.32E+00
23296 1.10E-01 3.18E-02 7.98E-05 8.71E-01 2.87E+00 3.23E+00 3.03E-01 2.01E+00 1.39E+00
23712 1.15E-01 3.31E-02 8.45E-05 9.12E-01 2.96E+00 3.21E+00 3.21E-01 2.06E+00 1.45E+00
24128 1.20E-01 3.45E-02 8.93E-05 9.57E-01 3.05E+00 3.18E+00 3.39E-01 2.12E+00 1.52E+00
24544 1.25E-01 3.59E-02 9.44E-05 1.01E+00 3.14E+00 3.16E+00 3.58E-01 2.17E+00 1.58E+00
24960 1.30E-01 3.75E-02 9.97E-05 1.06E+00 3.23E+00 3.13E+00 3.78E-01 2.23E+00 1.65E+00
25376 1.35E-01 3.91E-02 1.05E-04 1.12E+00 3.33E+00 3.10E+00 3.99E-01 2.28E+00 1.72E+00
25792 1.40E-01 4.09E-02 1.11E-04 1.18E+00 3.42E+00 3.08E+00 4.20E-01 2.33E+00 1.80E+00
26208 1.46E-01 4.27E-02 1.17E-04 1.26E+00 3.52E+00 3.05E+00 4.42E-01 2.38E+00 1.87E+00
26624 1.51E-01 4.48E-02 1.23E-04 1.33E+00 3.62E+00 3.02E+00 4.65E-01 2.42E+00 1.95E+00
27040 1.57E-01 4.69E-02 1.29E-04 1.42E+00 3.72E+00 3.00E+00 4.88E-01 2.47E+00 2.03E+00
27456 1.63E-01 4.93E-02 1.36E-04 1.52E+00 3.82E+00 2.97E+00 5.13E-01 2.51E+00 2.11E+00
27872 1.68E-01 5.18E-02 1.43E-04 1.62E+00 3.92E+00 2.94E+00 5.38E-01 2.55E+00 2.19E+00
28288 1.74E-01 5.45E-02 1.50E-04 1.74E+00 4.03E+00 2.91E+00 5.64E-01 2.59E+00 2.28E+00
28704 1.80E-01 5.75E-02 1.57E-04 1.87E+00 4.13E+00 2.88E+00 5.91E-01 2.63E+00 2.37E+00
29120 1.87E-01 6.07E-02 1.65E-04 2.02E+00 4.24E+00 2.86E+00 6.19E-01 2.67E+00 2.45E+00
29536 1.93E-01 6.42E-02 1.73E-04 2.17E+00 4.35E+00 2.83E+00 6.48E-01 2.70E+00 2.55E+00
29952 1.99E-01 6.81E-02 1.81E-04 2.35E+00 4.46E+00 2.80E+00 6.78E-01 2.74E+00 2.64E+00
30368 2.06E-01 7.23E-02 1.90E-04 2.55E+00 4.58E+00 2.77E+00 7.08E-01 2.77E+00 2.74E+00
30784 2.13E-01 7.68E-02 1.98E-04 2.76E+00 4.69E+00 2.74E+00 7.40E-01 2.80E+00 2.83E+00
31200 2.19E-01 8.19E-02 2.07E-04 3.00E+00 4.81E+00 2.71E+00 7.72E-01 2.83E+00 2.94E+00
31616 2.26E-01 8.74E-02 2.16E-04 3.26E+00 4.93E+00 2.68E+00 8.05E-01 2.86E+00 3.04E+00
32032 2.33E-01 9.34E-02 2.26E-04 3.55E+00 5.05E+00 2.65E+00 8.39E-01 2.88E+00 3.14E+00
32448 2.40E-01 1.00E-01 2.36E-04 3.88E+00 5.17E+00 2.62E+00 8.74E-01 2.91E+00 3.25E+00
32864 2.47E-01 1.07E-01 2.46E-04 4.23E+00 5.29E+00 2.58E+00 9.10E-01 2.93E+00 3.36E+00
33280 2.55E-01 1.15E-01 2.56E-04 4.62E+00 5.42E+00 2.55E+00 9.46E-01 2.95E+00 3.47E+00
33696 2.62E-01 1.24E-01 2.67E-04 5.05E+00 5.54E+00 2.52E+00 9.84E-01 2.97E+00 3.59E+00
34112 2.69E-01 1.34E-01 2.78E-04 5.53E+00 5.67E+00 2.49E+00 1.02E+00 2.99E+00 3.70E+00
34528 2.76E-01 1.44E-01 2.90E-04 6.05E+00 5.79E+00 2.46E+00 1.06E+00 3.01E+00 3.82E+00
34944 2.84E-01 1.56E-01 3.01E-04 6.62E+00 5.92E+00 2.43E+00 1.10E+00 3.03E+00 3.95E+00
35360 2.91E-01 1.69E-01 3.13E-04 7.25E+00 6.05E+00 2.40E+00 1.14E+00 3.04E+00 4.07E+00
35776 2.99E-01 1.83E-01 3.25E-04 7.94E+00 6.18E+00 2.37E+00 1.18E+00 3.06E+00 4.20E+00
36192 3.06E-01 1.98E-01 3.38E-04 8.70E+00 6.31E+00 2.34E+00 1.22E+00 3.07E+00 4.33E+00
36608 3.14E-01 2.15E-01 3.51E-04 9.53E+00 6.45E+00 2.31E+00 1.26E+00 3.09E+00 4.46E+00
37024 3.21E-01 2.34E-01 3.64E-04 1.04E+01 6.58E+00 2.28E+00 1.30E+00 3.10E+00 4.59E+00
37440 3.29E-01 2.54E-01 3.78E-04 1.14E+01 6.72E+00 2.25E+00 1.35E+00 3.11E+00 4.73E+00
37856 3.36E-01 2.76E-01 3.91E-04 1.25E+01 6.85E+00 2.22E+00 1.39E+00 3.12E+00 4.87E+00
38272 3.44E-01 3.01E-01 4.06E-04 1.37E+01 6.99E+00 2.19E+00 1.43E+00 3.13E+00 5.01E+00
38688 3.51E-01 3.27E-01 4.20E-04 1.49E+01 7.13E+00 2.16E+00 1.47E+00 3.14E+00 5.16E+00
39104 3.59E-01 3.57E-01 4.35E-04 1.63E+01 7.27E+00 2.13E+00 1.51E+00 3.15E+00 5.30E+00
39520 3.66E-01 3.88E-01 4.50E-04 1.78E+01 7.41E+00 2.10E+00 1.56E+00 3.16E+00 5.45E+00
39936 3.74E-01 4.23E-01 4.65E-04 1.94E+01 7.56E+00 2.08E+00 1.60E+00 3.17E+00 5.61E+00
40352 3.81E-01 4.60E-01 4.81E-04 2.11E+01 7.70E+00 2.05E+00 1.64E+00 3.17E+00 5.76E+00
40768 3.88E-01 5.01E-01 4.97E-04 2.30E+01 7.85E+00 2.02E+00 1.68E+00 3.18E+00 5.92E+00
41184 3.96E-01 5.45E-01 5.13E-04 2.49E+01 8.00E+00 2.00E+00 1.72E+00 3.19E+00 6.08E+00
41600 4.03E-01 5.93E-01 5.30E-04 2.71E+01 8.14E+00 1.97E+00 1.76E+00 3.19E+00 6.24E+00
42016 4.10E-01 6.44E-01 5.47E-04 2.93E+01 8.30E+00 1.94E+00 1.80E+00 3.20E+00 6.41E+00
42432 4.17E-01 7.00E-01 5.64E-04 3.18E+01 8.45E+00 1.92E+00 1.84E+00 3.20E+00 6.58E+00
42848 4.24E-01 7.59E-01 5.81E-04 3.44E+01 8.60E+00 1.90E+00 1.88E+00 3.21E+00 6.75E+00
43264 4.31E-01 8.24E-01 5.99E-04 3.71E+01 8.76E+00 1.87E+00 1.92E+00 3.21E+00 6.92E+00
43680 4.38E-01 8.93E-01 6.17E-04 4.00E+01 8.91E+00 1.85E+00 1.96E+00 3.22E+00 7.10E+00
44096 4.44E-01 9.66E-01 6.35E-04 4.30E+01 9.07E+00 1.82E+00 1.99E+00 3.22E+00 7.28E+00
44512 4.51E-01 1.05E+00 6.54E-04 4.62E+01 9.23E+00 1.80E+00 2.03E+00 3.22E+00 7.46E+00
44928 4.58E-01 1.13E+00 6.73E-04 4.96E+01 9.39E+00 1.78E+00 2.07E+00 3.23E+00 7.64E+00
45344 4.64E-01 1.22E+00 6.92E-04 5.31E+01 9.55E+00 1.76E+00 2.10E+00 3.23E+00 7.83E+00
45760 4.70E-01 1.31E+00 7.11E-04 5.68E+01 9.71E+00 1.74E+00 2.14E+00 3.23E+00 8.02E+00
46176 4.77E-01 1.41E+00 7.31E-04 6.06E+01 9.87E+00 1.72E+00 2.17E+00 3.23E+00 8.22E+00
46592 4.83E-01 1.52E+00 7.51E-04 6.45E+01 1.00E+01 1.70E+00 2.20E+00 3.24E+00 8.41E+00
47008 4.89E-01 1.63E+00 7.71E-04 6.86E+01 1.02E+01 1.68E+00 2.23E+00 3.24E+00 8.61E+00
47424 4.95E-01 1.75E+00 7.92E-04 7.28E+01 1.04E+01 1.66E+00 2.27E+00 3.24E+00 8.81E+00
47840 5.01E-01 1.87E+00 8.12E-04 7.71E+01 1.05E+01 1.64E+00 2.30E+00 3.24E+00 9.02E+00
48256 5.07E-01 2.00E+00 8.33E-04 8.15E+01 1.07E+01 1.62E+00 2.33E+00 3.25E+00 9.23E+00
48672 5.13E-01 2.13E+00 8.54E-04 8.60E+01 1.08E+01 1.61E+00 2.35E+00 3.25E+00 9.44E+00
49088 5.19E-01 2.27E+00 8.76E-04 9.06E+01 1.10E+01 1.59E+00 2.38E+00 3.25E+00 9.65E+00
49504 5.25E-01 2.41E+00 8.98E-04 9.52E+01 1.12E+01 1.57E+00 2.41E+00 3.25E+00 9.87E+00
49920 5.31E-01 2.56E+00 9.19E-04 9.98E+01 1.13E+01 1.56E+00 2.43E+00 3.25E+00 1.01E+01
50336 5.36E-01 2.71E+00 9.42E-04 1.05E+02 1.15E+01 1.54E+00 2.46E+00 3.26E+00 1.03E+01
50752 5.42E-01 2.87E+00 9.64E-04 1.09E+02 1.16E+01 1.53E+00 2.48E+00 3.26E+00 1.05E+01
51168 5.47E-01 3.03E+00 9.87E-04 1.14E+02 1.18E+01 1.51E+00 2.51E+00 3.26E+00 1.08E+01
51584 5.53E-01 3.20E+00 1.01E-03 1.19E+02 1.19E+01 1.50E+00 2.53E+00 3.26E+00 1.10E+01
52000 5.58E-01 3.37E+00 1.03E-03 1.23E+02 1.21E+01 1.49E+00 2.55E+00 3.26E+00 1.12E+01
52416 5.63E-01 3.54E+00 1.06E-03 1.28E+02 1.22E+01 1.47E+00 2.57E+00 3.26E+00 1.14E+01
52832 5.68E-01 3.71E+00 1.08E-03 1.32E+02 1.24E+01 1.46E+00 2.59E+00 3.26E+00 1.17E+01
53248 5.73E-01 3.89E+00 1.10E-03 1.36E+02 1.25E+01 1.45E+00 2.61E+00 3.27E+00 1.19E+01
53664 5.79E-01 4.07E+00 1.13E-03 1.41E+02 1.26E+01 1.44E+00 2.63E+00 3.27E+00 1.22E+01
54080 5.84E-01 4.25E+00 1.15E-03 1.45E+02 1.28E+01 1.42E+00 2.65E+00 3.27E+00 1.24E+01
54496 5.88E-01 4.43E+00 1.18E-03 1.49E+02 1.29E+01 1.41E+00 2.67E+00 3.27E+00 1.26E+01
54912 5.93E-01 4.61E+00 1.20E-03 1.53E+02 1.30E+01 1.40E+00 2.68E+00 3.27E+00 1.29E+01
55328 5.98E-01 4.79E+00 1.22E-03 1.57E+02 1.32E+01 1.39E+00 2.70E+00 3.27E+00 1.31E+01
55744 6.03E-01 4.98E+00 1.25E-03 1.60E+02 1.33E+01 1.38E+00 2.72E+00 3.27E+00 1.34E+01
56160 6.08E-01 5.16E+00 1.27E-03 1.64E+02 1.34E+01 1.37E+00 2.73E+00 3.28E+00 1.36E+01
56576 6.12E-01 5.34E+00 1.30E-03 1.67E+02 1.35E+01 1.36E+00 2.74E+00 3.28E+00 1.39E+01
56992 6.17E-01 5.51E+00 1.33E-03 1.70E+02 1.36E+01 1.35E+00 2.76E+00 3.28E+00 1.41E+01
57408 6.21E-01 5.69E+00 1.35E-03 1.73E+02 1.37E+01 1.35E+00 2.77E+00 3.28E+00 1.44E+01
57824 6.26E-01 5.86E+00 1.38E-03 1.75E+02 1.38E+01 1.34E+00 2.78E+00 3.28E+00 1.46E+01
58240 6.30E-01 6.04E+00 1.40E-03 1.78E+02 1.39E+01 1.33E+00 2.79E+00 3.28E+00 1.49E+01
58656 6.35E-01 6.21E+00 1.43E-03 1.80E+02 1.40E+01 1.32E+00 2.81E+00 3.28E+00 1.51E+01
59072 6.39E-01 6.37E+00 1.46E-03 1.83E+02 1.41E+01 1.31E+00 2.82E+00 3.29E+00 1.54E+01
59488 6.43E-01 6.54E+00 1.48E-03 1.85E+02 1.41E+01 1.31E+00 2.83E+00 3.29E+00 1.56E+01
59904 6.48E-01 6.70E+00 1.51E-03 1.87E+02 1.42E+01 1.30E+00 2.84E+00 3.29E+00 1.59E+01
60320 6.52E-01 6.85E+00 1.54E-03 1.88E+02 1.43E+01 1.30E+00 2.84E+00 3.29E+00 1.62E+01
60736 6.56E-01 7.01E+00 1.56E-03 1.90E+02 1.44E+01 1.29E+00 2.85E+00 3.29E+00 1.64E+01
61152 6.60E-01 7.16E+00 1.59E-03 1.91E+02 1.44E+01 1.28E+00 2.86E+00 3.30E+00 1.67E+01
61568 6.64E-01 7.30E+00 1.62E-03 1.92E+02 1.45E+01 1.28E+00 2.87E+00 3.30E+00 1.69E+01
61984 6.68E-01 7.45E+00 1.65E-03 1.94E+02 1.45E+01 1.27E+00 2.88E+00 3.30E+00 1.72E+01
62400 6.72E-01 7.59E+00 1.67E-03 1.95E+02 1.46E+01 1.27E+00 2.88E+00 3.30E+00 1.74E+01
62816 6.76E-01 7.72E+00 1.70E-03 1.95E+02 1.46E+01 1.26E+00 2.89E+00 3.30E+00 1.77E+01
63232 6.80E-01 7.85E+00 1.73E-03 1.96E+02 1.47E+01 1.26E+00 2.90E+00 3.31E+00 1.79E+01
63648 6.84E-01 7.98E+00 1.76E-03 1.97E+02 1.47E+01 1.26E+00 2.90E+00 3.31E+00 1.82E+01
64064 6.88E-01 8.10E+00 1.79E-03 1.97E+02 1.48E+01 1.25E+00 2.91E+00 3.31E+00 1.85E+01
64480 6.91E-01 8.22E+00 1.82E-03 1.98E+02 1.48E+01 1.25E+00 2.91E+00 3.31E+00 1.87E+01
64896 6.95E-01 8.34E+00 1.84E-03 1.98E+02 1.48E+01 1.25E+00 2.92E+00 3.31E+00 1.90E+01
65312 6.99E-01 8.45E+00 1.87E-03 1.98E+02 1.48E+01 1.24E+00 2.92E+00 3.32E+00 1.92E+01
65728 7.02E-01 8.55E+00 1.90E-03 1.99E+02 1.49E+01 1.24E+00 2.93E+00 3.32E+00 1.95E+01
66144 7.06E-01 8.66E+00 1.93E-03 1.99E+02 1.49E+01 1.24E+00 2.93E+00 3.32E+00 1.97E+01
66560 7.09E-01 8.76E+00 1.96E-03 1.99E+02 1.49E+01 1.24E+00 2.94E+00 3.32E+00 2.00E+01
66976 7.13E-01 8.86E+00 1.99E-03 1.99E+02 1.49E+01 1.23E+00 2.94E+00 3.32E+00 2.02E+01
67392 7.16E-01 8.95E+00 2.02E-03 1.99E+02 1.49E+01 1.23E+00 2.94E+00 3.33E+00 2.04E+01
67808 7.20E-01 9.04E+00 2.05E-03 1.99E+02 1.49E+01 1.23E+00 2.95E+00 3.33E+00 2.07E+01
68224 7.23E-01 9.13E+00 2.08E-03 1.98E+02 1.49E+01 1.23E+00 2.95E+00 3.33E+00 2.09E+01
68640 7.27E-01 9.21E+00 2.11E-03 1.98E+02 1.49E+01 1.23E+00 2.95E+00 3.33E+00 2.12E+01
69056 7.30E-01 9.29E+00 2.14E-03 1.98E+02 1.49E+01 1.23E+00 2.96E+00 3.34E+00 2.14E+01
69472 7.33E-01 9.37E+00 2.17E-03 1.98E+02 1.49E+01 1.22E+00 2.96E+00 3.34E+00 2.16E+01
69888 7.37E-01 9.44E+00 2.20E-03 1.97E+02 1.49E+01 1.22E+00 2.96E+00 3.34E+00 2.19E+01
